1409683341,s1-eth1,0.00,0.00,0.00,0,0,0.00,0.00,0.00,0,0,0.00,0.00,0,0
1409683341,s1-eth2,0.00,0.00,0.00,0,0,0.00,0.00,0.00,0,0,0.00,0.00,0,0
1409683341,s2-eth1,0.00,0.00,0.00,0,0,0.00,0.00,0.00,0,0,0.00,0.00,0,0
1409683341,s2-eth2,0.00,0.00,0.00,0,0,0.00,0.00,0.00,0,0,0.00,0.00,0,0
1409683341,eth0,0.00,0.00,0.00,0,0,0.00,0.00,0.00,0,0,0.00,0.00,0,0
1409683341,lo,0.00,0.00,0.00,0,0,0.00,0.00,0.00,0,0,0.00,0.00,0,0
1409683341,s1,0.00,0.00,0.00,0,0,0.00,0.00,0.00,0,0,0.00,0.00,0,0
1409683341,s2,0.00,0.00,0.00,0,0,0.00,0.00,0.00,0,0,0.00,0.00,0,0
1409683341,total,0.00,0.00,0.00,0,0,0.00,0.00,0.00,0,0,0.00,0.00,0,0
1409683342,s1-eth1,6010488.00,67650.00,6078138.00,67650,6010488,1028.00,1025.00,2053.00,1025,1028,0.00,0.00,0,0
1409683342,s1-eth2,67900.00,6016346.00,6084246.00,6016346,67900,1028.00,1029.00,2057.00,1029,1028,0.00,0.00,0,0
1409683342,s2-eth1,6016346.00,67900.00,6084246.00,67900,6016346,1029.00,1028.00,2057.00,1028,1029,0.00,0.00,0,0
1409683342,s2-eth2,68240.00,6016256.00,6084496.00,6016256,68240,1032.00,1028.00,2060.00,1028,1032,0.00,0.00,0,0
1409683342,eth0,0.00,110.00,110.00,110,0,0.00,1.00,1.00,1,0,0.00,0.00,0,0
1409683342,lo,2100.00,2100.00,4200.00,2100,2100,23.00,23.00,46.00,23,23,0.00,0.00,0,0
1409683342,s1,0.00,180.00,180.00,180,0,0.00,2.00,2.00,2,0,0.00,0.00,0,0
1409683342,s2,90.00,340.00,430.00,340,90,1.00,4.00,5.00,4,1,0.00,0.00,0,0
1409683342,total,12165164.00,12170882.00,24336046.00,12170882,12165164,4141.00,4140.00,8281.00,4140,4141,0.00,0.00,0,0
1409683343,s1-eth1,6045269.00,68109.89,6113379.00,68178,6051314,1031.97,1031.97,2063.94,1033,1033,0.00,0.00,0,0
1409683343,s1-eth2,68109.89,6045269.00,6113379.00,6051314,68178,1031.97,1031.97,2063.94,1033,1033,0.00,0.00,0,0
1409683343,s2-eth1,6045269.00,68109.89,6113379.00,68178,6051314,1031.97,1031.97,2063.94,1033,1033,0.00,0.00,0,0
1409683343,s2-eth2,68109.89,6045269.00,6113379.00,6051314,68178,1031.97,1031.97,2063.94,1033,1033,0.00,0.00,0,0
1409683343,eth0,0.00,0.00,0.00,0,0,0.00,0.00,0.00,0,0,0.00,0.00,0,0
1409683343,lo,0.00,0.00,0.00,0,0,0.00,0.00,0.00,0,0,0.00,0.00,0,0
1409683343,s1,0.00,0.00,0.00,0,0,0.00,0.00,0.00,0,0,0.00,0.00,0,0
1409683343,s2,0.00,0.00,0.00,0,0,0.00,0.00,0.00,0,0,0.00,0.00,0,0
1409683343,total,12226758.00,12226758.00,24453516.00,12238984,12238984,4127.87,4127.87,8255.74,4132,4132,0.00,0.00,0,0
1409683344,s1-eth1,6022024.00,67914.00,6089938.00,67914,6022024,1028.00,1029.00,2057.00,1029,1028,0.00,0.00,0,0
1409683344,s1-eth2,67848.00,6022024.00,6089872.00,6022024,67848,1028.00,1028.00,2056.00,1028,1028,0.00,0.00,0,0
1409683344,s2-eth1,6022024.00,67848.00,6089872.00,67848,6022024,1028.00,1028.00,2056.00,1028,1028,0.00,0.00,0,0
1409683344,s2-eth2,67848.00,6022024.00,6089872.00,6022024,67848,1028.00,1028.00,2056.00,1028,1028,0.00,0.00,0,0
1409683344,eth0,0.00,0.00,0.00,0,0,0.00,0.00,0.00,0,0,0.00,0.00,0,0
1409683344,lo,0.00,0.00,0.00,0,0,0.00,0.00,0.00,0,0,0.00,0.00,0,0
1409683344,s1,0.00,0.00,0.00,0,0,0.00,0.00,0.00,0,0,0.00,0.00,0,0
1409683344,s2,0.00,0.00,0.00,0,0,0.00,0.00,0.00,0,0,0.00,0.00,0,0
1409683344,total,12179744.00,12179810.00,24359554.00,12179810,12179744,4112.00,4113.00,8225.00,4113,4112,0.00,0.00,0,0
1409683345,s1-eth1,6039948.00,68050.00,6107998.00,68050,6039948,1036.00,1031.00,2067.00,1031,1036,0.00,0.00,0,0
1409683345,s1-eth2,68186.00,6039808.00,6107994.00,6039808,68186,1033.00,1034.00,2067.00,1034,1033,0.00,0.00,0,0
1409683345,s2-eth1,6039808.00,68186.00,6107994.00,68186,6039808,1034.00,1033.00,2067.00,1033,1034,0.00,0.00,0,0
1409683345,s2-eth2,68256.00,6039668.00,6107924.00,6039668,68256,1034.00,1032.00,2066.00,1032,1034,0.00,0.00,0,0
1409683345,eth0,0.00,0.00,0.00,0,0,0.00,0.00,0.00,0,0,0.00,0.00,0,0
1409683345,lo,2360.00,2360.00,4720.00,2360,2360,26.00,26.00,52.00,26,26,0.00,0.00,0,0
1409683345,s1,70.00,280.00,350.00,280,70,1.00,4.00,5.00,4,1,0.00,0.00,0,0
1409683345,s2,70.00,210.00,280.00,210,70,1.00,3.00,4.00,3,1,0.00,0.00,0,0
1409683345,total,12218698.00,12218562.00,24437260.00,12218562,12218698,4165.00,4163.00,8328.00,4163,4165,0.00,0.00,0,0
1409683346,s1-eth1,6062474.00,87978.00,6150452.00,87978,6062474,1597.00,1333.00,2930.00,1333,1597,0.00,0.00,0,0
1409683346,s1-eth2,87322.00,6066162.00,6153484.00,6066162,87322,1323.00,1609.00,2932.00,1609,1323,0.00,0.00,0,0
1409683346,s2-eth1,6066162.00,87322.00,6153484.00,87322,6066162,1609.00,1323.00,2932.00,1323,1609,0.00,0.00,0,0
1409683346,s2-eth2,86666.00,6063926.00,6150592.00,6063926,86666,1313.00,1619.00,2932.00,1619,1313,0.00,0.00,0,0
1409683346,eth0,0.00,0.00,0.00,0,0,0.00,0.00,0.00,0,0,0.00,0.00,0,0
1409683346,lo,268.00,268.00,536.00,268,268,3.00,3.00,6.00,3,3,0.00,0.00,0,0
1409683346,s1,0.00,0.00,0.00,0,0,0.00,0.00,0.00,0,0,0.00,0.00,0,0
1409683346,s2,0.00,70.00,70.00,70,0,0.00,1.00,1.00,1,0,0.00,0.00,0,0
1409683346,total,12302892.00,12305726.00,24608618.00,12305726,12302892,5845.00,5888.00,11733.00,5888,5845,0.00,0.00,0,0
1409683347,s1-eth1,6057418.00,86526.00,6143944.00,86526,6057418,1301.00,1311.00,2612.00,1311,1301,0.00,0.00,0,0
1409683347,s1-eth2,87252.00,6053730.00,6140982.00,6053730,87252,1322.00,1289.00,2611.00,1289,1322,0.00,0.00,0,0
1409683347,s2-eth1,6053730.00,87252.00,6140982.00,87252,6053730,1289.00,1322.00,2611.00,1322,1289,0.00,0.00,0,0
1409683347,s2-eth2,87912.00,6055966.00,6143878.00,6055966,87912,1332.00,1279.00,2611.00,1279,1332,0.00,0.00,0,0
1409683347,eth0,0.00,0.00,0.00,0,0,0.00,0.00,0.00,0,0,0.00,0.00,0,0
1409683347,lo,0.00,0.00,0.00,0,0,0.00,0.00,0.00,0,0,0.00,0.00,0,0
1409683347,s1,0.00,0.00,0.00,0,0,0.00,0.00,0.00,0,0,0.00,0.00,0,0
1409683347,s2,0.00,0.00,0.00,0,0,0.00,0.00,0.00,0,0,0.00,0.00,0,0
1409683347,total,12286312.00,12283474.00,24569786.00,12283474,12286312,5244.00,5201.00,10445.00,5201,5244,0.00,0.00,0,0
1409683348,s1-eth1,6045456.00,68112.00,6113568.00,68112,6045456,1032.00,1032.00,2064.00,1032,1032,0.00,0.00,0,0
1409683348,s1-eth2,68046.00,6045456.00,6113502.00,6045456,68046,1031.00,1032.00,2063.00,1032,1031,0.00,0.00,0,0
1409683348,s2-eth1,6045456.00,68046.00,6113502.00,68046,6045456,1032.00,1031.00,2063.00,1031,1032,0.00,0.00,0,0
1409683348,s2-eth2,68112.00,6045456.00,6113568.00,6045456,68112,1032.00,1032.00,2064.00,1032,1032,0.00,0.00,0,0
1409683348,eth0,0.00,0.00,0.00,0,0,0.00,0.00,0.00,0,0,0.00,0.00,0,0
1409683348,lo,0.00,0.00,0.00,0,0,0.00,0.00,0.00,0,0,0.00,0.00,0,0
1409683348,s1,0.00,0.00,0.00,0,0,0.00,0.00,0.00,0,0,0.00,0.00,0,0
1409683348,s2,0.00,0.00,0.00,0,0,0.00,0.00,0.00,0,0,0.00,0.00,0,0
1409683348,total,12227070.00,12227070.00,24454140.00,12227070,12227070,4127.00,4127.00,8254.00,4127,4127,0.00,0.00,0,0
1409683349,s1-eth1,6034090.00,68050.00,6102140.00,68050,6034090,1035.00,1031.00,2066.00,1031,1035,0.00,0.00,0,0
1409683349,s1-eth2,68120.00,6033950.00,6102070.00,6033950,68120,1032.00,1033.00,2065.00,1033,1032,0.00,0.00,0,0
1409683349,s2-eth1,6033950.00,68120.00,6102070.00,68120,6033950,1033.00,1032.00,2065.00,1032,1033,0.00,0.00,0,0
1409683349,s2-eth2,68190.00,6033810.00,6102000.00,6033810,68190,1033.00,1031.00,2064.00,1031,1033,0.00,0.00,0,0
1409683349,eth0,0.00,0.00,0.00,0,0,0.00,0.00,0.00,0,0,0.00,0.00,0,0
1409683349,lo,2412.00,2412.00,4824.00,2412,2412,27.00,27.00,54.00,27,27,0.00,0.00,0,0
1409683349,s1,70.00,280.00,350.00,280,70,1.00,4.00,5.00,4,1,0.00,0.00,0,0
1409683349,s2,70.00,210.00,280.00,210,70,1.00,3.00,4.00,3,1,0.00,0.00,0,0
1409683349,total,12206902.00,12206832.00,24413734.00,12206832,12206902,4162.00,4161.00,8323.00,4161,4162,0.00,0.00,0,0
1409683350,s1-eth1,6039598.00,68046.00,6107644.00,68046,6039598,1031.00,1031.00,2062.00,1031,1031,0.00,0.00,0,0
1409683350,s1-eth2,68182.00,6039598.00,6107780.00,6039598,68182,1033.00,1031.00,2064.00,1031,1033,0.00,0.00,0,0
1409683350,s2-eth1,6039598.00,68182.00,6107780.00,68182,6039598,1031.00,1033.00,2064.00,1033,1031,0.00,0.00,0,0
1409683350,s2-eth2,68186.00,6039598.00,6107784.00,6039598,68186,1033.00,1031.00,2064.00,1031,1033,0.00,0.00,0,0
1409683350,eth0,0.00,0.00,0.00,0,0,0.00,0.00,0.00,0,0,0.00,0.00,0,0
1409683350,lo,268.00,268.00,536.00,268,268,3.00,3.00,6.00,3,3,0.00,0.00,0,0
1409683350,s1,0.00,0.00,0.00,0,0,0.00,0.00,0.00,0,0,0.00,0.00,0,0
1409683350,s2,0.00,70.00,70.00,70,0,0.00,1.00,1.00,1,0,0.00,0.00,0,0
1409683350,total,12215832.00,12215762.00,24431594.00,12215762,12215832,4131.00,4130.00,8261.00,4130,4131,0.00,0.00,0,0
1409683351,s1-eth1,6040066.00,68112.00,6108178.00,68112,6040066,1433.00,1032.00,2465.00,1032,1433,0.00,0.00,0,0
1409683351,s1-eth2,67914.00,6041778.00,6109692.00,6041778,67914,1029.00,1437.00,2466.00,1437,1029,0.00,0.00,0,0
1409683351,s2-eth1,6041778.00,67914.00,6109692.00,67914,6041778,1437.00,1029.00,2466.00,1029,1437,0.00,0.00,0,0
1409683351,s2-eth2,67782.00,6043490.00,6111272.00,6043490,67782,1027.00,1441.00,2468.00,1441,1027,0.00,0.00,0,0
1409683351,eth0,0.00,0.00,0.00,0,0,0.00,0.00,0.00,0,0,0.00,0.00,0,0
1409683351,lo,0.00,0.00,0.00,0,0,0.00,0.00,0.00,0,0,0.00,0.00,0,0
1409683351,s1,0.00,0.00,0.00,0,0,0.00,0.00,0.00,0,0,0.00,0.00,0,0
1409683351,s2,0.00,0.00,0.00,0,0,0.00,0.00,0.00,0,0,0.00,0.00,0,0
1409683351,total,12217540.00,12221294.00,24438834.00,12221294,12217540,4926.00,4939.00,9865.00,4939,4926,0.00,0.00,0,0
1409683352,s1-eth1,6037976.00,76824.00,6114800.00,76824,6037976,1160.00,1164.00,2324.00,1164,1160,0.00,0.00,0,0
1409683352,s1-eth2,76956.00,6036264.00,6113220.00,6036264,76956,1166.00,1156.00,2322.00,1156,1166,0.00,0.00,0,0
1409683352,s2-eth1,6036264.00,76956.00,6113220.00,76956,6036264,1156.00,1166.00,2322.00,1166,1156,0.00,0.00,0,0
1409683352,s2-eth2,77154.00,6040410.00,6117564.00,6040410,77154,1169.00,1153.00,2322.00,1153,1169,0.00,0.00,0,0
1409683352,eth0,0.00,0.00,0.00,0,0,0.00,0.00,0.00,0,0,0.00,0.00,0,0
1409683352,lo,0.00,0.00,0.00,0,0,0.00,0.00,0.00,0,0,0.00,0.00,0,0
1409683352,s1,0.00,0.00,0.00,0,0,0.00,0.00,0.00,0,0,0.00,0.00,0,0
1409683352,s2,0.00,0.00,0.00,0,0,0.00,0.00,0.00,0,0,0.00,0.00,0,0
1409683352,total,12228350.00,12230454.00,24458804.00,12230454,12228350,4651.00,4639.00,9290.00,4639,4651,0.00,0.00,0,0
1409683353,s1-eth1,6039598.00,68046.00,6107644.00,68046,6039598,1031.00,1031.00,2062.00,1031,1031,0.00,0.00,0,0
1409683353,s1-eth2,68112.00,6039598.00,6107710.00,6039598,68112,1032.00,1031.00,2063.00,1031,1032,0.00,0.00,0,0
1409683353,s2-eth1,6039598.00,68112.00,6107710.00,68112,6039598,1031.00,1032.00,2063.00,1032,1031,0.00,0.00,0,0
1409683353,s2-eth2,68046.00,6039598.00,6107644.00,6039598,68046,1031.00,1031.00,2062.00,1031,1031,0.00,0.00,0,0
1409683353,eth0,0.00,0.00,0.00,0,0,0.00,0.00,0.00,0,0,0.00,0.00,0,0
1409683353,lo,0.00,0.00,0.00,0,0,0.00,0.00,0.00,0,0,0.00,0.00,0,0
1409683353,s1,0.00,0.00,0.00,0,0,0.00,0.00,0.00,0,0,0.00,0.00,0,0
1409683353,s2,0.00,0.00,0.00,0,0,0.00,0.00,0.00,0,0,0.00,0.00,0,0
1409683353,total,12215354.00,12215354.00,24430708.00,12215354,12215354,4125.00,4125.00,8250.00,4125,4125,0.00,0.00,0,0
1409683354,s1-eth1,6022024.00,67848.00,6089872.00,67848,6022024,1028.00,1028.00,2056.00,1028,1028,0.00,0.00,0,0
1409683354,s1-eth2,67782.00,6022024.00,6089806.00,6022024,67782,1027.00,1028.00,2055.00,1028,1027,0.00,0.00,0,0
1409683354,s2-eth1,6022024.00,67782.00,6089806.00,67782,6022024,1028.00,1027.00,2055.00,1027,1028,0.00,0.00,0,0
1409683354,s2-eth2,67848.00,6022024.00,6089872.00,6022024,67848,1028.00,1028.00,2056.00,1028,1028,0.00,0.00,0,0
1409683354,eth0,0.00,0.00,0.00,0,0,0.00,0.00,0.00,0,0,0.00,0.00,0,0
1409683354,lo,344.00,344.00,688.00,344,344,6.00,6.00,12.00,6,6,0.00,0.00,0,0
1409683354,s1,0.00,0.00,0.00,0,0,0.00,0.00,0.00,0,0,0.00,0.00,0,0
1409683354,s2,0.00,0.00,0.00,0,0,0.00,0.00,0.00,0,0,0.00,0.00,0,0
1409683354,total,12180022.00,12180022.00,24360044.00,12180022,12180022,4117.00,4117.00,8234.00,4117,4117,0.00,0.00,0,0
1409683355,s1-eth1,6039598.00,68046.00,6107644.00,68046,6039598,1031.00,1031.00,2062.00,1031,1031,0.00,0.00,0,0
1409683355,s1-eth2,68046.00,6039598.00,6107644.00,6039598,68046,1031.00,1031.00,2062.00,1031,1031,0.00,0.00,0,0
1409683355,s2-eth1,6039598.00,68046.00,6107644.00,68046,6039598,1031.00,1031.00,2062.00,1031,1031,0.00,0.00,0,0
1409683355,s2-eth2,68046.00,6039598.00,6107644.00,6039598,68046,1031.00,1031.00,2062.00,1031,1031,0.00,0.00,0,0
1409683355,eth0,0.00,0.00,0.00,0,0,0.00,0.00,0.00,0,0,0.00,0.00,0,0
1409683355,lo,0.00,0.00,0.00,0,0,0.00,0.00,0.00,0,0,0.00,0.00,0,0
1409683355,s1,0.00,0.00,0.00,0,0,0.00,0.00,0.00,0,0,0.00,0.00,0,0
1409683355,s2,0.00,0.00,0.00,0,0,0.00,0.00,0.00,0,0,0.00,0.00,0,0
1409683355,total,12215288.00,12215288.00,24430576.00,12215288,12215288,4124.00,4124.00,8248.00,4124,4124,0.00,0.00,0,0
1409683356,s1-eth1,6039598.00,68046.00,6107644.00,68046,6039598,1031.00,1031.00,2062.00,1031,1031,0.00,0.00,0,0
1409683356,s1-eth2,68046.00,6039598.00,6107644.00,6039598,68046,1031.00,1031.00,2062.00,1031,1031,0.00,0.00,0,0
1409683356,s2-eth1,6039598.00,68046.00,6107644.00,68046,6039598,1031.00,1031.00,2062.00,1031,1031,0.00,0.00,0,0
1409683356,s2-eth2,68046.00,6039598.00,6107644.00,6039598,68046,1031.00,1031.00,2062.00,1031,1031,0.00,0.00,0,0
1409683356,eth0,0.00,0.00,0.00,0,0,0.00,0.00,0.00,0,0,0.00,0.00,0,0
1409683356,lo,0.00,0.00,0.00,0,0,0.00,0.00,0.00,0,0,0.00,0.00,0,0
1409683356,s1,0.00,0.00,0.00,0,0,0.00,0.00,0.00,0,0,0.00,0.00,0,0
1409683356,s2,0.00,0.00,0.00,0,0,0.00,0.00,0.00,0,0,0.00,0.00,0,0
1409683356,total,12215288.00,12215288.00,24430576.00,12215288,12215288,4124.00,4124.00,8248.00,4124,4124,0.00,0.00,0,0
1409683357,s1-eth1,6039598.00,67980.00,6107578.00,67980,6039598,1031.00,1030.00,2061.00,1030,1031,0.00,0.00,0,0
1409683357,s1-eth2,68046.00,6039598.00,6107644.00,6039598,68046,1031.00,1031.00,2062.00,1031,1031,0.00,0.00,0,0
1409683357,s2-eth1,6039598.00,68046.00,6107644.00,68046,6039598,1031.00,1031.00,2062.00,1031,1031,0.00,0.00,0,0
1409683357,s2-eth2,67980.00,6039598.00,6107578.00,6039598,67980,1030.00,1031.00,2061.00,1031,1030,0.00,0.00,0,0
1409683357,eth0,0.00,0.00,0.00,0,0,0.00,0.00,0.00,0,0,0.00,0.00,0,0
1409683357,lo,0.00,0.00,0.00,0,0,0.00,0.00,0.00,0,0,0.00,0.00,0,0
1409683357,s1,0.00,0.00,0.00,0,0,0.00,0.00,0.00,0,0,0.00,0.00,0,0
1409683357,s2,0.00,0.00,0.00,0,0,0.00,0.00,0.00,0,0,0.00,0.00,0,0
1409683357,total,12215222.00,12215222.00,24430444.00,12215222,12215222,4123.00,4123.00,8246.00,4123,4123,0.00,0.00,0,0
1409683358,s1-eth1,6039598.00,68112.00,6107710.00,68112,6039598,1031.00,1032.00,2063.00,1032,1031,0.00,0.00,0,0
1409683358,s1-eth2,68046.00,6039598.00,6107644.00,6039598,68046,1031.00,1031.00,2062.00,1031,1031,0.00,0.00,0,0
1409683358,s2-eth1,6039598.00,68046.00,6107644.00,68046,6039598,1031.00,1031.00,2062.00,1031,1031,0.00,0.00,0,0
1409683358,s2-eth2,68112.00,6039598.00,6107710.00,6039598,68112,1032.00,1031.00,2063.00,1031,1032,0.00,0.00,0,0
1409683358,eth0,0.00,110.00,110.00,110,0,0.00,1.00,1.00,1,0,0.00,0.00,0,0
1409683358,lo,0.00,0.00,0.00,0,0,0.00,0.00,0.00,0,0,0.00,0.00,0,0
1409683358,s1,0.00,0.00,0.00,0,0,0.00,0.00,0.00,0,0,0.00,0.00,0,0
1409683358,s2,0.00,0.00,0.00,0,0,0.00,0.00,0.00,0,0,0.00,0.00,0,0
1409683358,total,12215354.00,12215464.00,24430818.00,12215464,12215354,4125.00,4126.00,8251.00,4126,4125,0.00,0.00,0,0
1409683359,s1-eth1,6045456.00,68046.00,6113502.00,68046,6045456,1032.00,1031.00,2063.00,1031,1032,0.00,0.00,0,0
1409683359,s1-eth2,68112.00,6045456.00,6113568.00,6045456,68112,1032.00,1032.00,2064.00,1032,1032,0.00,0.00,0,0
1409683359,s2-eth1,6045456.00,68112.00,6113568.00,68112,6045456,1032.00,1032.00,2064.00,1032,1032,0.00,0.00,0,0
1409683359,s2-eth2,68046.00,6045456.00,6113502.00,6045456,68046,1031.00,1032.00,2063.00,1032,1031,0.00,0.00,0,0
1409683359,eth0,0.00,0.00,0.00,0,0,0.00,0.00,0.00,0,0,0.00,0.00,0,0
1409683359,lo,344.00,344.00,688.00,344,344,6.00,6.00,12.00,6,6,0.00,0.00,0,0
1409683359,s1,0.00,0.00,0.00,0,0,0.00,0.00,0.00,0,0,0.00,0.00,0,0
1409683359,s2,0.00,0.00,0.00,0,0,0.00,0.00,0.00,0,0,0.00,0.00,0,0
1409683359,total,12227414.00,12227414.00,24454828.00,12227414,12227414,4133.00,4133.00,8266.00,4133,4133,0.00,0.00,0,0
1409683360,s1-eth1,6039598.00,68112.00,6107710.00,68112,6039598,1031.00,1032.00,2063.00,1032,1031,0.00,0.00,0,0
1409683360,s1-eth2,68112.00,6039598.00,6107710.00,6039598,68112,1032.00,1031.00,2063.00,1031,1032,0.00,0.00,0,0
1409683360,s2-eth1,6039598.00,68112.00,6107710.00,68112,6039598,1031.00,1032.00,2063.00,1032,1031,0.00,0.00,0,0
1409683360,s2-eth2,68112.00,6039598.00,6107710.00,6039598,68112,1032.00,1031.00,2063.00,1031,1032,0.00,0.00,0,0
1409683360,eth0,0.00,0.00,0.00,0,0,0.00,0.00,0.00,0,0,0.00,0.00,0,0
1409683360,lo,0.00,0.00,0.00,0,0,0.00,0.00,0.00,0,0,0.00,0.00,0,0
1409683360,s1,0.00,0.00,0.00,0,0,0.00,0.00,0.00,0,0,0.00,0.00,0,0
1409683360,s2,0.00,0.00,0.00,0,0,0.00,0.00,0.00,0,0,0.00,0.00,0,0
1409683360,total,12215420.00,12215420.00,24430840.00,12215420,12215420,4126.00,4126.00,8252.00,4126,4126,0.00,0.00,0,0
1409683361,s1-eth1,6016166.00,67782.00,6083948.00,67782,6016166,1027.00,1027.00,2054.00,1027,1027,0.00,0.00,0,0
1409683361,s1-eth2,67716.00,6022024.00,6089740.00,6022024,67716,1026.00,1028.00,2054.00,1028,1026,0.00,0.00,0,0
1409683361,s2-eth1,6022024.00,67716.00,6089740.00,67716,6022024,1028.00,1026.00,2054.00,1026,1028,0.00,0.00,0,0
1409683361,s2-eth2,67782.00,6022024.00,6089806.00,6022024,67782,1027.00,1028.00,2055.00,1028,1027,0.00,0.00,0,0
1409683361,eth0,0.00,110.00,110.00,110,0,0.00,1.00,1.00,1,0,0.00,0.00,0,0
1409683361,lo,0.00,0.00,0.00,0,0,0.00,0.00,0.00,0,0,0.00,0.00,0,0
1409683361,s1,0.00,0.00,0.00,0,0,0.00,0.00,0.00,0,0,0.00,0.00,0,0
1409683361,s2,0.00,0.00,0.00,0,0,0.00,0.00,0.00,0,0,0.00,0.00,0,0
1409683361,total,12173688.00,12179656.00,24353344.00,12179656,12173688,4108.00,4110.00,8218.00,4110,4108,0.00,0.00,0,0
1409683362,s1-eth1,6045456.00,68046.00,6113502.00,68046,6045456,1032.00,1031.00,2063.00,1031,1032,0.00,0.00,0,0
1409683362,s1-eth2,68112.00,6045456.00,6113568.00,6045456,68112,1032.00,1032.00,2064.00,1032,1032,0.00,0.00,0,0
1409683362,s2-eth1,6045456.00,68112.00,6113568.00,68112,6045456,1032.00,1032.00,2064.00,1032,1032,0.00,0.00,0,0
1409683362,s2-eth2,68046.00,6045456.00,6113502.00,6045456,68046,1031.00,1032.00,2063.00,1032,1031,0.00,0.00,0,0
1409683362,eth0,0.00,0.00,0.00,0,0,0.00,0.00,0.00,0,0,0.00,0.00,0,0
1409683362,lo,0.00,0.00,0.00,0,0,0.00,0.00,0.00,0,0,0.00,0.00,0,0
1409683362,s1,0.00,0.00,0.00,0,0,0.00,0.00,0.00,0,0,0.00,0.00,0,0
1409683362,s2,0.00,0.00,0.00,0,0,0.00,0.00,0.00,0,0,0.00,0.00,0,0
1409683362,total,12227070.00,12227070.00,24454140.00,12227070,12227070,4127.00,4127.00,8254.00,4127,4127,0.00,0.00,0,0
1409683363,s1-eth1,6058012.00,74688.00,6132700.00,74688,6058012,1442.00,1132.00,2574.00,1132,1442,0.00,0.00,0,0
1409683363,s1-eth2,74424.00,6049456.00,6123880.00,6049456,74424,1128.00,1444.00,2572.00,1444,1128,0.00,0.00,0,0
1409683363,s2-eth1,6049456.00,74424.00,6123880.00,74424,6049456,1444.00,1128.00,2572.00,1128,1444,0.00,0.00,0,0
1409683363,s2-eth2,74226.00,6058540.00,6132766.00,6058540,74226,1125.00,1450.00,2575.00,1450,1125,0.00,0.00,0,0
1409683363,eth0,0.00,0.00,0.00,0,0,0.00,0.00,0.00,0,0,0.00,0.00,0,0
1409683363,lo,592.00,592.00,1184.00,592,592,6.00,6.00,12.00,6,6,0.00,0.00,0,0
1409683363,s1,0.00,0.00,0.00,0,0,0.00,0.00,0.00,0,0,0.00,0.00,0,0
1409683363,s2,0.00,0.00,0.00,0,0,0.00,0.00,0.00,0,0,0.00,0.00,0,0
1409683363,total,12256710.00,12257700.00,24514410.00,12257700,12256710,5145.00,5160.00,10305.00,5160,5145,0.00,0.00,0,0
1409683364,s1-eth1,6048268.00,85602.00,6133870.00,85602,6048268,1294.00,1297.00,2591.00,1297,1294,0.00,0.00,0,0
1409683364,s1-eth2,85866.00,6050966.00,6136832.00,6050966,85866,1301.00,1291.00,2592.00,1291,1301,0.00,0.00,0,0
1409683364,s2-eth1,6050966.00,85866.00,6136832.00,85866,6050966,1291.00,1301.00,2592.00,1301,1291,0.00,0.00,0,0
1409683364,s2-eth2,86064.00,6053598.00,6139662.00,6053598,86064,1304.00,1287.00,2591.00,1287,1304,0.00,0.00,0,0
1409683364,eth0,0.00,0.00,0.00,0,0,0.00,0.00,0.00,0,0,0.00,0.00,0,0
1409683364,lo,0.00,0.00,0.00,0,0,0.00,0.00,0.00,0,0,0.00,0.00,0,0
1409683364,s1,0.00,0.00,0.00,0,0,0.00,0.00,0.00,0,0,0.00,0.00,0,0
1409683364,s2,0.00,0.00,0.00,0,0,0.00,0.00,0.00,0,0,0.00,0.00,0,0
1409683364,total,12271164.00,12276032.00,24547196.00,12276032,12271164,5190.00,5176.00,10366.00,5176,5190,0.00,0.00,0,0
1409683365,s1-eth1,6045456.00,68112.00,6113568.00,68112,6045456,1032.00,1032.00,2064.00,1032,1032,0.00,0.00,0,0
1409683365,s1-eth2,68112.00,6045456.00,6113568.00,6045456,68112,1032.00,1032.00,2064.00,1032,1032,0.00,0.00,0,0
1409683365,s2-eth1,6045456.00,68112.00,6113568.00,68112,6045456,1032.00,1032.00,2064.00,1032,1032,0.00,0.00,0,0
1409683365,s2-eth2,68112.00,6045456.00,6113568.00,6045456,68112,1032.00,1032.00,2064.00,1032,1032,0.00,0.00,0,0
1409683365,eth0,0.00,0.00,0.00,0,0,0.00,0.00,0.00,0,0,0.00,0.00,0,0
1409683365,lo,0.00,0.00,0.00,0,0,0.00,0.00,0.00,0,0,0.00,0.00,0,0
1409683365,s1,0.00,0.00,0.00,0,0,0.00,0.00,0.00,0,0,0.00,0.00,0,0
1409683365,s2,0.00,0.00,0.00,0,0,0.00,0.00,0.00,0,0,0.00,0.00,0,0
1409683365,total,12227136.00,12227136.00,24454272.00,12227136,12227136,4128.00,4128.00,8256.00,4128,4128,0.00,0.00,0,0
1409683366,s1-eth1,6027882.00,67914.00,6095796.00,67914,6027882,1029.00,1029.00,2058.00,1029,1029,0.00,0.00,0,0
1409683366,s1-eth2,67848.00,6027882.00,6095730.00,6027882,67848,1028.00,1029.00,2057.00,1029,1028,0.00,0.00,0,0
1409683366,s2-eth1,6027882.00,67848.00,6095730.00,67848,6027882,1029.00,1028.00,2057.00,1028,1029,0.00,0.00,0,0
1409683366,s2-eth2,67914.00,6027882.00,6095796.00,6027882,67914,1029.00,1029.00,2058.00,1029,1029,0.00,0.00,0,0
1409683366,eth0,0.00,60.00,60.00,60,0,0.00,1.00,1.00,1,0,0.00,0.00,0,0
1409683366,lo,0.00,0.00,0.00,0,0,0.00,0.00,0.00,0,0,0.00,0.00,0,0
1409683366,s1,0.00,0.00,0.00,0,0,0.00,0.00,0.00,0,0,0.00,0.00,0,0
1409683366,s2,0.00,0.00,0.00,0,0,0.00,0.00,0.00,0,0,0.00,0.00,0,0
1409683366,total,12191526.00,12191586.00,24383112.00,12191586,12191526,4115.00,4116.00,8231.00,4116,4115,0.00,0.00,0,0
1409683367,s1-eth1,6045456.00,68112.00,6113568.00,68112,6045456,1032.00,1032.00,2064.00,1032,1032,0.00,0.00,0,0
1409683367,s1-eth2,68112.00,6039598.00,6107710.00,6039598,68112,1032.00,1031.00,2063.00,1031,1032,0.00,0.00,0,0
1409683367,s2-eth1,6039598.00,68112.00,6107710.00,68112,6039598,1031.00,1032.00,2063.00,1032,1031,0.00,0.00,0,0
1409683367,s2-eth2,68112.00,6039598.00,6107710.00,6039598,68112,1032.00,1031.00,2063.00,1031,1032,0.00,0.00,0,0
1409683367,eth0,0.00,0.00,0.00,0,0,0.00,0.00,0.00,0,0,0.00,0.00,0,0
1409683367,lo,0.00,0.00,0.00,0,0,0.00,0.00,0.00,0,0,0.00,0.00,0,0
1409683367,s1,0.00,0.00,0.00,0,0,0.00,0.00,0.00,0,0,0.00,0.00,0,0
1409683367,s2,0.00,0.00,0.00,0,0,0.00,0.00,0.00,0,0,0.00,0.00,0,0
1409683367,total,12221278.00,12215420.00,24436698.00,12215420,12221278,4127.00,4126.00,8253.00,4126,4127,0.00,0.00,0,0
1409683368,s1-eth1,6039598.00,67980.00,6107578.00,67980,6039598,1031.00,1030.00,2061.00,1030,1031,0.00,0.00,0,0
1409683368,s1-eth2,68046.00,6045456.00,6113502.00,6045456,68046,1031.00,1032.00,2063.00,1032,1031,0.00,0.00,0,0
1409683368,s2-eth1,6045456.00,68046.00,6113502.00,68046,6045456,1032.00,1031.00,2063.00,1031,1032,0.00,0.00,0,0
1409683368,s2-eth2,68046.00,6045456.00,6113502.00,6045456,68046,1031.00,1032.00,2063.00,1032,1031,0.00,0.00,0,0
1409683368,eth0,0.00,228.00,228.00,228,0,0.00,1.00,1.00,1,0,0.00,0.00,0,0
1409683368,lo,344.00,344.00,688.00,344,344,6.00,6.00,12.00,6,6,0.00,0.00,0,0
1409683368,s1,0.00,0.00,0.00,0,0,0.00,0.00,0.00,0,0,0.00,0.00,0,0
1409683368,s2,0.00,0.00,0.00,0,0,0.00,0.00,0.00,0,0,0.00,0.00,0,0
1409683368,total,12221490.00,12227510.00,24449000.00,12227510,12221490,4131.00,4132.00,8263.00,4132,4131,0.00,0.00,0,0
1409683369,s1-eth1,6039598.00,68046.00,6107644.00,68046,6039598,1031.00,1031.00,2062.00,1031,1031,0.00,0.00,0,0
1409683369,s1-eth2,68046.00,6033740.00,6101786.00,6033740,68046,1031.00,1030.00,2061.00,1030,1031,0.00,0.00,0,0
1409683369,s2-eth1,6033740.00,68046.00,6101786.00,68046,6033740,1030.00,1031.00,2061.00,1031,1030,0.00,0.00,0,0
1409683369,s2-eth2,68046.00,6039598.00,6107644.00,6039598,68046,1031.00,1031.00,2062.00,1031,1031,0.00,0.00,0,0
1409683369,eth0,0.00,238.00,238.00,238,0,0.00,1.00,1.00,1,0,0.00,0.00,0,0
1409683369,lo,0.00,0.00,0.00,0,0,0.00,0.00,0.00,0,0,0.00,0.00,0,0
1409683369,s1,0.00,0.00,0.00,0,0,0.00,0.00,0.00,0,0,0.00,0.00,0,0
1409683369,s2,0.00,0.00,0.00,0,0,0.00,0.00,0.00,0,0,0.00,0.00,0,0
1409683369,total,12209430.00,12209668.00,24419098.00,12209668,12209430,4123.00,4124.00,8247.00,4124,4123,0.00,0.00,0,0
1409683370,s1-eth1,6039598.00,68046.00,6107644.00,68046,6039598,1031.00,1031.00,2062.00,1031,1031,0.00,0.00,0,0
1409683370,s1-eth2,68046.00,6045456.00,6113502.00,6045456,68046,1031.00,1032.00,2063.00,1032,1031,0.00,0.00,0,0
1409683370,s2-eth1,6045456.00,68046.00,6113502.00,68046,6045456,1032.00,1031.00,2063.00,1031,1032,0.00,0.00,0,0
1409683370,s2-eth2,67980.00,6039598.00,6107578.00,6039598,67980,1030.00,1031.00,2061.00,1031,1030,0.00,0.00,0,0
1409683370,eth0,0.00,170.00,170.00,170,0,0.00,2.00,2.00,2,0,0.00,0.00,0,0
1409683370,lo,0.00,0.00,0.00,0,0,0.00,0.00,0.00,0,0,0.00,0.00,0,0
1409683370,s1,0.00,0.00,0.00,0,0,0.00,0.00,0.00,0,0,0.00,0.00,0,0
1409683370,s2,0.00,0.00,0.00,0,0,0.00,0.00,0.00,0,0,0.00,0.00,0,0
1409683370,total,12221080.00,12221316.00,24442396.00,12221316,12221080,4124.00,4127.00,8251.00,4127,4124,0.00,0.00,0,0
1409683371,s1-eth1,6016166.00,67848.00,6084014.00,67848,6016166,1027.00,1028.00,2055.00,1028,1027,0.00,0.00,0,0
1409683371,s1-eth2,67782.00,6022024.00,6089806.00,6022024,67782,1027.00,1028.00,2055.00,1028,1027,0.00,0.00,0,0
1409683371,s2-eth1,6022024.00,67782.00,6089806.00,67782,6022024,1028.00,1027.00,2055.00,1027,1028,0.00,0.00,0,0
1409683371,s2-eth2,67848.00,6022024.00,6089872.00,6022024,67848,1028.00,1028.00,2056.00,1028,1028,0.00,0.00,0,0
1409683371,eth0,0.00,0.00,0.00,0,0,0.00,0.00,0.00,0,0,0.00,0.00,0,0
1409683371,lo,0.00,0.00,0.00,0,0,0.00,0.00,0.00,0,0,0.00,0.00,0,0
1409683371,s1,0.00,0.00,0.00,0,0,0.00,0.00,0.00,0,0,0.00,0.00,0,0
1409683371,s2,0.00,0.00,0.00,0,0,0.00,0.00,0.00,0,0,0.00,0.00,0,0
1409683371,total,12173820.00,12179678.00,24353498.00,12179678,12173820,4110.00,4111.00,8221.00,4111,4110,0.00,0.00,0,0
1409683372,s1-eth1,6027882.00,67914.00,6095796.00,67914,6027882,1029.00,1029.00,2058.00,1029,1029,0.00,0.00,0,0
1409683372,s1-eth2,67914.00,6027882.00,6095796.00,6027882,67914,1029.00,1029.00,2058.00,1029,1029,0.00,0.00,0,0
1409683372,s2-eth1,6027882.00,67914.00,6095796.00,67914,6027882,1029.00,1029.00,2058.00,1029,1029,0.00,0.00,0,0
1409683372,s2-eth2,67914.00,6027882.00,6095796.00,6027882,67914,1029.00,1029.00,2058.00,1029,1029,0.00,0.00,0,0
1409683372,eth0,0.00,0.00,0.00,0,0,0.00,0.00,0.00,0,0,0.00,0.00,0,0
1409683372,lo,0.00,0.00,0.00,0,0,0.00,0.00,0.00,0,0,0.00,0.00,0,0
1409683372,s1,0.00,0.00,0.00,0,0,0.00,0.00,0.00,0,0,0.00,0.00,0,0
1409683372,s2,0.00,0.00,0.00,0,0,0.00,0.00,0.00,0,0,0.00,0.00,0,0
1409683372,total,12191592.00,12191592.00,24383184.00,12191592,12191592,4116.00,4116.00,8232.00,4116,4116,0.00,0.00,0,0
1409683373,s1-eth1,6045456.00,68046.00,6113502.00,68046,6045456,1032.00,1031.00,2063.00,1031,1032,0.00,0.00,0,0
1409683373,s1-eth2,68112.00,6045456.00,6113568.00,6045456,68112,1032.00,1032.00,2064.00,1032,1032,0.00,0.00,0,0
1409683373,s2-eth1,6045456.00,68112.00,6113568.00,68112,6045456,1032.00,1032.00,2064.00,1032,1032,0.00,0.00,0,0
1409683373,s2-eth2,68046.00,6045456.00,6113502.00,6045456,68046,1031.00,1032.00,2063.00,1032,1031,0.00,0.00,0,0
1409683373,eth0,0.00,60.00,60.00,60,0,0.00,1.00,1.00,1,0,0.00,0.00,0,0
1409683373,lo,344.00,344.00,688.00,344,344,6.00,6.00,12.00,6,6,0.00,0.00,0,0
1409683373,s1,0.00,0.00,0.00,0,0,0.00,0.00,0.00,0,0,0.00,0.00,0,0
1409683373,s2,0.00,0.00,0.00,0,0,0.00,0.00,0.00,0,0,0.00,0.00,0,0
1409683373,total,12227414.00,12227474.00,24454888.00,12227474,12227414,4133.00,4134.00,8267.00,4134,4133,0.00,0.00,0,0
1409683374,s1-eth1,6027882.00,67914.00,6095796.00,67914,6027882,1029.00,1029.00,2058.00,1029,1029,0.00,0.00,0,0
1409683374,s1-eth2,67914.00,6027882.00,6095796.00,6027882,67914,1029.00,1029.00,2058.00,1029,1029,0.00,0.00,0,0
1409683374,s2-eth1,6027882.00,67914.00,6095796.00,67914,6027882,1029.00,1029.00,2058.00,1029,1029,0.00,0.00,0,0
1409683374,s2-eth2,67980.00,6027882.00,6095862.00,6027882,67980,1030.00,1029.00,2059.00,1029,1030,0.00,0.00,0,0
1409683374,eth0,0.00,0.00,0.00,0,0,0.00,0.00,0.00,0,0,0.00,0.00,0,0
1409683374,lo,0.00,0.00,0.00,0,0,0.00,0.00,0.00,0,0,0.00,0.00,0,0
1409683374,s1,0.00,0.00,0.00,0,0,0.00,0.00,0.00,0,0,0.00,0.00,0,0
1409683374,s2,0.00,0.00,0.00,0,0,0.00,0.00,0.00,0,0,0.00,0.00,0,0
1409683374,total,12191658.00,12191592.00,24383250.00,12191592,12191658,4117.00,4116.00,8233.00,4116,4117,0.00,0.00,0,0
1409683375,s1-eth1,6045456.00,68112.00,6113568.00,68112,6045456,1032.00,1032.00,2064.00,1032,1032,0.00,0.00,0,0
1409683375,s1-eth2,68112.00,6045456.00,6113568.00,6045456,68112,1032.00,1032.00,2064.00,1032,1032,0.00,0.00,0,0
1409683375,s2-eth1,6045456.00,68112.00,6113568.00,68112,6045456,1032.00,1032.00,2064.00,1032,1032,0.00,0.00,0,0
1409683375,s2-eth2,68046.00,6045456.00,6113502.00,6045456,68046,1031.00,1032.00,2063.00,1032,1031,0.00,0.00,0,0
1409683375,eth0,0.00,110.00,110.00,110,0,0.00,1.00,1.00,1,0,0.00,0.00,0,0
1409683375,lo,0.00,0.00,0.00,0,0,0.00,0.00,0.00,0,0,0.00,0.00,0,0
1409683375,s1,0.00,0.00,0.00,0,0,0.00,0.00,0.00,0,0,0.00,0.00,0,0
1409683375,s2,0.00,0.00,0.00,0,0,0.00,0.00,0.00,0,0,0.00,0.00,0,0
1409683375,total,12227070.00,12227246.00,24454316.00,12227246,12227070,4127.00,4129.00,8256.00,4129,4127,0.00,0.00,0,0
1409683376,s1-eth1,5934154.00,66924.00,6001078.00,66924,5934154,1013.00,1014.00,2027.00,1014,1013,0.00,0.00,0,0
1409683376,s1-eth2,66858.00,5928296.00,5995154.00,5928296,66858,1013.00,1012.00,2025.00,1012,1013,0.00,0.00,0,0
1409683376,s2-eth1,5928296.00,66858.00,5995154.00,66858,5928296,1012.00,1013.00,2025.00,1013,1012,0.00,0.00,0,0
1409683376,s2-eth2,66924.00,5928296.00,5995220.00,5928296,66924,1014.00,1012.00,2026.00,1012,1014,0.00,0.00,0,0
1409683376,eth0,0.00,60.00,60.00,60,0,0.00,1.00,1.00,1,0,0.00,0.00,0,0
1409683376,lo,0.00,0.00,0.00,0,0,0.00,0.00,0.00,0,0,0.00,0.00,0,0
1409683376,s1,0.00,0.00,0.00,0,0,0.00,0.00,0.00,0,0,0.00,0.00,0,0
1409683376,s2,0.00,0.00,0.00,0,0,0.00,0.00,0.00,0,0,0.00,0.00,0,0
1409683376,total,11996232.00,11990434.00,23986666.00,11990434,11996232,4052.00,4052.00,8104.00,4052,4052,0.00,0.00,0,0
1409683377,s1-eth1,6033740.00,67914.00,6101654.00,67914,6033740,1030.00,1029.00,2059.00,1029,1030,0.00,0.00,0,0
1409683377,s1-eth2,67980.00,6033740.00,6101720.00,6033740,67980,1030.00,1030.00,2060.00,1030,1030,0.00,0.00,0,0
1409683377,s2-eth1,6033740.00,67980.00,6101720.00,67980,6033740,1030.00,1030.00,2060.00,1030,1030,0.00,0.00,0,0
1409683377,s2-eth2,67980.00,6033740.00,6101720.00,6033740,67980,1030.00,1030.00,2060.00,1030,1030,0.00,0.00,0,0
1409683377,eth0,0.00,0.00,0.00,0,0,0.00,0.00,0.00,0,0,0.00,0.00,0,0
1409683377,lo,0.00,0.00,0.00,0,0,0.00,0.00,0.00,0,0,0.00,0.00,0,0
1409683377,s1,0.00,0.00,0.00,0,0,0.00,0.00,0.00,0,0,0.00,0.00,0,0
1409683377,s2,0.00,0.00,0.00,0,0,0.00,0.00,0.00,0,0,0.00,0.00,0,0
1409683377,total,12203440.00,12203374.00,24406814.00,12203374,12203440,4120.00,4119.00,8239.00,4119,4120,0.00,0.00,0,0
1409683378,s1-eth1,6039598.00,68112.00,6107710.00,68112,6039598,1031.00,1032.00,2063.00,1032,1031,0.00,0.00,0,0
1409683378,s1-eth2,68112.00,6039598.00,6107710.00,6039598,68112,1032.00,1031.00,2063.00,1031,1032,0.00,0.00,0,0
1409683378,s2-eth1,6039598.00,68112.00,6107710.00,68112,6039598,1031.00,1032.00,2063.00,1032,1031,0.00,0.00,0,0
1409683378,s2-eth2,68046.00,6039598.00,6107644.00,6039598,68046,1031.00,1031.00,2062.00,1031,1031,0.00,0.00,0,0
1409683378,eth0,0.00,0.00,0.00,0,0,0.00,0.00,0.00,0,0,0.00,0.00,0,0
1409683378,lo,344.00,344.00,688.00,344,344,6.00,6.00,12.00,6,6,0.00,0.00,0,0
1409683378,s1,0.00,0.00,0.00,0,0,0.00,0.00,0.00,0,0,0.00,0.00,0,0
1409683378,s2,0.00,0.00,0.00,0,0,0.00,0.00,0.00,0,0,0.00,0.00,0,0
1409683378,total,12215698.00,12215764.00,24431462.00,12215764,12215698,4131.00,4132.00,8263.00,4132,4131,0.00,0.00,0,0
1409683379,s1-eth1,6039598.00,68046.00,6107644.00,68046,6039598,1031.00,1031.00,2062.00,1031,1031,0.00,0.00,0,0
1409683379,s1-eth2,68046.00,6039598.00,6107644.00,6039598,68046,1031.00,1031.00,2062.00,1031,1031,0.00,0.00,0,0
1409683379,s2-eth1,6039598.00,68046.00,6107644.00,68046,6039598,1031.00,1031.00,2062.00,1031,1031,0.00,0.00,0,0
1409683379,s2-eth2,68046.00,6039598.00,6107644.00,6039598,68046,1031.00,1031.00,2062.00,1031,1031,0.00,0.00,0,0
1409683379,eth0,0.00,0.00,0.00,0,0,0.00,0.00,0.00,0,0,0.00,0.00,0,0
1409683379,lo,0.00,0.00,0.00,0,0,0.00,0.00,0.00,0,0,0.00,0.00,0,0
1409683379,s1,0.00,0.00,0.00,0,0,0.00,0.00,0.00,0,0,0.00,0.00,0,0
1409683379,s2,0.00,0.00,0.00,0,0,0.00,0.00,0.00,0,0,0.00,0.00,0,0
1409683379,total,12215288.00,12215288.00,24430576.00,12215288,12215288,4124.00,4124.00,8248.00,4124,4124,0.00,0.00,0,0
1409683380,s1-eth1,6004420.00,69102.00,6073522.00,69102,6004420,1222.00,1047.00,2269.00,1047,1222,0.00,0.00,0,0
1409683380,s1-eth2,69102.00,6006066.00,6075168.00,6006066,69102,1047.00,1225.00,2272.00,1225,1047,0.00,0.00,0,0
1409683380,s2-eth1,6006066.00,69102.00,6075168.00,69102,6006066,1225.00,1047.00,2272.00,1047,1225,0.00,0.00,0,0
1409683380,s2-eth2,69168.00,6000208.00,6069376.00,6000208,69168,1048.00,1224.00,2272.00,1224,1048,0.00,0.00,0,0
1409683380,eth0,0.00,0.00,0.00,0,0,0.00,0.00,0.00,0,0,0.00,0.00,0,0
1409683380,lo,0.00,0.00,0.00,0,0,0.00,0.00,0.00,0,0,0.00,0.00,0,0
1409683380,s1,0.00,0.00,0.00,0,0,0.00,0.00,0.00,0,0,0.00,0.00,0,0
1409683380,s2,0.00,0.00,0.00,0,0,0.00,0.00,0.00,0,0,0.00,0.00,0,0
1409683380,total,12148756.00,12144478.00,24293234.00,12144478,12148756,4542.00,4543.00,9085.00,4543,4542,0.00,0.00,0,0
1409683381,s1-eth1,6025736.00,77154.00,6102890.00,77154,6025736,1172.00,1169.00,2341.00,1169,1172,0.00,0.00,0,0
1409683381,s1-eth2,77154.00,6024090.00,6101244.00,6024090,77154,1169.00,1169.00,2338.00,1169,1169,0.00,0.00,0,0
1409683381,s2-eth1,6024090.00,77154.00,6101244.00,77154,6024090,1169.00,1169.00,2338.00,1169,1169,0.00,0.00,0,0
1409683381,s2-eth2,77088.00,6024090.00,6101178.00,6024090,77088,1168.00,1169.00,2337.00,1169,1168,0.00,0.00,0,0
1409683381,eth0,0.00,0.00,0.00,0,0,0.00,0.00,0.00,0,0,0.00,0.00,0,0
1409683381,lo,0.00,0.00,0.00,0,0,0.00,0.00,0.00,0,0,0.00,0.00,0,0
1409683381,s1,0.00,0.00,0.00,0,0,0.00,0.00,0.00,0,0,0.00,0.00,0,0
1409683381,s2,0.00,0.00,0.00,0,0,0.00,0.00,0.00,0,0,0.00,0.00,0,0
1409683381,total,12204068.00,12202488.00,24406556.00,12202488,12204068,4678.00,4676.00,9354.00,4676,4678,0.00,0.00,0,0
1409683382,s1-eth1,6027882.00,67980.00,6095862.00,67980,6027882,1029.00,1030.00,2059.00,1030,1029,0.00,0.00,0,0
1409683382,s1-eth2,67914.00,6033740.00,6101654.00,6033740,67914,1029.00,1030.00,2059.00,1030,1029,0.00,0.00,0,0
1409683382,s2-eth1,6033740.00,67914.00,6101654.00,67914,6033740,1030.00,1029.00,2059.00,1029,1030,0.00,0.00,0,0
1409683382,s2-eth2,67980.00,6033740.00,6101720.00,6033740,67980,1030.00,1030.00,2060.00,1030,1030,0.00,0.00,0,0
1409683382,eth0,0.00,0.00,0.00,0,0,0.00,0.00,0.00,0,0,0.00,0.00,0,0
1409683382,lo,0.00,0.00,0.00,0,0,0.00,0.00,0.00,0,0,0.00,0.00,0,0
1409683382,s1,0.00,0.00,0.00,0,0,0.00,0.00,0.00,0,0,0.00,0.00,0,0
1409683382,s2,0.00,0.00,0.00,0,0,0.00,0.00,0.00,0,0,0.00,0.00,0,0
1409683382,total,12197516.00,12203374.00,24400890.00,12203374,12197516,4118.00,4119.00,8237.00,4119,4118,0.00,0.00,0,0
1409683383,s1-eth1,6039598.00,67980.00,6107578.00,67980,6039598,1031.00,1030.00,2061.00,1030,1031,0.00,0.00,0,0
1409683383,s1-eth2,68046.00,6039598.00,6107644.00,6039598,68046,1031.00,1031.00,2062.00,1031,1031,0.00,0.00,0,0
1409683383,s2-eth1,6039598.00,68046.00,6107644.00,68046,6039598,1031.00,1031.00,2062.00,1031,1031,0.00,0.00,0,0
1409683383,s2-eth2,67980.00,6039598.00,6107578.00,6039598,67980,1030.00,1031.00,2061.00,1031,1030,0.00,0.00,0,0
1409683383,eth0,0.00,110.00,110.00,110,0,0.00,1.00,1.00,1,0,0.00,0.00,0,0
1409683383,lo,344.00,344.00,688.00,344,344,6.00,6.00,12.00,6,6,0.00,0.00,0,0
1409683383,s1,0.00,0.00,0.00,0,0,0.00,0.00,0.00,0,0,0.00,0.00,0,0
1409683383,s2,0.00,0.00,0.00,0,0,0.00,0.00,0.00,0,0,0.00,0.00,0,0
1409683383,total,12215566.00,12215676.00,24431242.00,12215676,12215566,4129.00,4130.00,8259.00,4130,4129,0.00,0.00,0,0
1409683384,s1-eth1,6039598.00,68112.00,6107710.00,68112,6039598,1031.00,1032.00,2063.00,1032,1031,0.00,0.00,0,0
1409683384,s1-eth2,68046.00,6039598.00,6107644.00,6039598,68046,1031.00,1031.00,2062.00,1031,1031,0.00,0.00,0,0
1409683384,s2-eth1,6039598.00,68046.00,6107644.00,68046,6039598,1031.00,1031.00,2062.00,1031,1031,0.00,0.00,0,0
1409683384,s2-eth2,68112.00,6039598.00,6107710.00,6039598,68112,1032.00,1031.00,2063.00,1031,1032,0.00,0.00,0,0
1409683384,eth0,0.00,0.00,0.00,0,0,0.00,0.00,0.00,0,0,0.00,0.00,0,0
1409683384,lo,0.00,0.00,0.00,0,0,0.00,0.00,0.00,0,0,0.00,0.00,0,0
1409683384,s1,0.00,0.00,0.00,0,0,0.00,0.00,0.00,0,0,0.00,0.00,0,0
1409683384,s2,0.00,0.00,0.00,0,0,0.00,0.00,0.00,0,0,0.00,0.00,0,0
1409683384,total,12215354.00,12215354.00,24430708.00,12215354,12215354,4125.00,4125.00,8250.00,4125,4125,0.00,0.00,0,0
1409683385,s1-eth1,6045456.00,68112.00,6113568.00,68112,6045456,1032.00,1032.00,2064.00,1032,1032,0.00,0.00,0,0
1409683385,s1-eth2,68112.00,6045456.00,6113568.00,6045456,68112,1032.00,1032.00,2064.00,1032,1032,0.00,0.00,0,0
1409683385,s2-eth1,6045456.00,68112.00,6113568.00,68112,6045456,1032.00,1032.00,2064.00,1032,1032,0.00,0.00,0,0
1409683385,s2-eth2,68112.00,6045456.00,6113568.00,6045456,68112,1032.00,1032.00,2064.00,1032,1032,0.00,0.00,0,0
1409683385,eth0,0.00,0.00,0.00,0,0,0.00,0.00,0.00,0,0,0.00,0.00,0,0
1409683385,lo,0.00,0.00,0.00,0,0,0.00,0.00,0.00,0,0,0.00,0.00,0,0
1409683385,s1,0.00,0.00,0.00,0,0,0.00,0.00,0.00,0,0,0.00,0.00,0,0
1409683385,s2,0.00,0.00,0.00,0,0,0.00,0.00,0.00,0,0,0.00,0.00,0,0
1409683385,total,12227136.00,12227136.00,24454272.00,12227136,12227136,4128.00,4128.00,8256.00,4128,4128,0.00,0.00,0,0
1409683386,s1-eth1,6033782.00,67956.00,6101738.00,67956,6033782,1031.00,1030.00,2061.00,1030,1031,0.00,0.00,0,0
1409683386,s1-eth2,68022.00,6033782.00,6101804.00,6033782,68022,1031.00,1031.00,2062.00,1031,1031,0.00,0.00,0,0
1409683386,s2-eth1,6033782.00,68022.00,6101804.00,68022,6033782,1031.00,1031.00,2062.00,1031,1031,0.00,0.00,0,0
1409683386,s2-eth2,67956.00,6033782.00,6101738.00,6033782,67956,1030.00,1031.00,2061.00,1031,1030,0.00,0.00,0,0
1409683386,eth0,0.00,0.00,0.00,0,0,0.00,0.00,0.00,0,0,0.00,0.00,0,0
1409683386,lo,0.00,0.00,0.00,0,0,0.00,0.00,0.00,0,0,0.00,0.00,0,0
1409683386,s1,0.00,0.00,0.00,0,0,0.00,0.00,0.00,0,0,0.00,0.00,0,0
1409683386,s2,0.00,0.00,0.00,0,0,0.00,0.00,0.00,0,0,0.00,0.00,0,0
1409683386,total,12203542.00,12203542.00,24407084.00,12203542,12203542,4123.00,4123.00,8246.00,4123,4123,0.00,0.00,0,0
1409683387,s1-eth1,6039598.00,68046.00,6107644.00,68046,6039598,1031.00,1031.00,2062.00,1031,1031,0.00,0.00,0,0
1409683387,s1-eth2,68046.00,6039598.00,6107644.00,6039598,68046,1031.00,1031.00,2062.00,1031,1031,0.00,0.00,0,0
1409683387,s2-eth1,6039598.00,68046.00,6107644.00,68046,6039598,1031.00,1031.00,2062.00,1031,1031,0.00,0.00,0,0
1409683387,s2-eth2,68112.00,6039598.00,6107710.00,6039598,68112,1032.00,1031.00,2063.00,1031,1032,0.00,0.00,0,0
1409683387,eth0,0.00,0.00,0.00,0,0,0.00,0.00,0.00,0,0,0.00,0.00,0,0
1409683387,lo,0.00,0.00,0.00,0,0,0.00,0.00,0.00,0,0,0.00,0.00,0,0
1409683387,s1,0.00,0.00,0.00,0,0,0.00,0.00,0.00,0,0,0.00,0.00,0,0
1409683387,s2,0.00,0.00,0.00,0,0,0.00,0.00,0.00,0,0,0.00,0.00,0,0
1409683387,total,12215354.00,12215288.00,24430642.00,12215288,12215354,4125.00,4124.00,8249.00,4124,4125,0.00,0.00,0,0
1409683388,s1-eth1,6059348.00,73590.00,6132938.00,73590,6059348,1418.00,1115.00,2533.00,1115,1418,0.00,0.00,0,0
1409683388,s1-eth2,73524.00,6059348.00,6132872.00,6059348,73524,1114.00,1418.00,2532.00,1418,1114,0.00,0.00,0,0
1409683388,s2-eth1,6059348.00,73524.00,6132872.00,73524,6059348,1418.00,1114.00,2532.00,1114,1418,0.00,0.00,0,0
1409683388,s2-eth2,73524.00,6059348.00,6132872.00,6059348,73524,1114.00,1418.00,2532.00,1418,1114,0.00,0.00,0,0
1409683388,eth0,150.00,150.00,300.00,150,150,2.00,2.00,4.00,2,2,0.00,0.00,0,0
1409683388,lo,344.00,344.00,688.00,344,344,6.00,6.00,12.00,6,6,0.00,0.00,0,0
1409683388,s1,0.00,0.00,0.00,0,0,0.00,0.00,0.00,0,0,0.00,0.00,0,0
1409683388,s2,0.00,0.00,0.00,0,0,0.00,0.00,0.00,0,0,0.00,0.00,0,0
1409683388,total,12266238.00,12266304.00,24532542.00,12266304,12266238,5072.00,5073.00,10145.00,5073,5072,0.00,0.00,0,0
1409683389,s1-eth1,6048470.00,86790.00,6135260.00,86790,6048470,1319.00,1315.00,2634.00,1315,1319,0.00,0.00,0,0
1409683389,s1-eth2,86790.00,6048470.00,6135260.00,6048470,86790,1315.00,1319.00,2634.00,1319,1315,0.00,0.00,0,0
1409683389,s2-eth1,6048470.00,86790.00,6135260.00,86790,6048470,1319.00,1315.00,2634.00,1315,1319,0.00,0.00,0,0
1409683389,s2-eth2,86790.00,6054328.00,6141118.00,6054328,86790,1315.00,1320.00,2635.00,1320,1315,0.00,0.00,0,0
1409683389,eth0,0.00,0.00,0.00,0,0,0.00,0.00,0.00,0,0,0.00,0.00,0,0
1409683389,lo,0.00,0.00,0.00,0,0,0.00,0.00,0.00,0,0,0.00,0.00,0,0
1409683389,s1,0.00,0.00,0.00,0,0,0.00,0.00,0.00,0,0,0.00,0.00,0,0
1409683389,s2,0.00,0.00,0.00,0,0,0.00,0.00,0.00,0,0,0.00,0.00,0,0
1409683389,total,12270520.00,12276378.00,24546898.00,12276378,12270520,5268.00,5269.00,10537.00,5269,5268,0.00,0.00,0,0
1409683390,s1-eth1,6045456.00,68112.00,6113568.00,68112,6045456,1032.00,1032.00,2064.00,1032,1032,0.00,0.00,0,0
1409683390,s1-eth2,68112.00,6045456.00,6113568.00,6045456,68112,1032.00,1032.00,2064.00,1032,1032,0.00,0.00,0,0
1409683390,s2-eth1,6045456.00,68112.00,6113568.00,68112,6045456,1032.00,1032.00,2064.00,1032,1032,0.00,0.00,0,0
1409683390,s2-eth2,68112.00,6039598.00,6107710.00,6039598,68112,1032.00,1031.00,2063.00,1031,1032,0.00,0.00,0,0
1409683390,eth0,0.00,0.00,0.00,0,0,0.00,0.00,0.00,0,0,0.00,0.00,0,0
1409683390,lo,0.00,0.00,0.00,0,0,0.00,0.00,0.00,0,0,0.00,0.00,0,0
1409683390,s1,0.00,0.00,0.00,0,0,0.00,0.00,0.00,0,0,0.00,0.00,0,0
1409683390,s2,0.00,0.00,0.00,0,0,0.00,0.00,0.00,0,0,0.00,0.00,0,0
1409683390,total,12227136.00,12221278.00,24448414.00,12221278,12227136,4128.00,4127.00,8255.00,4127,4128,0.00,0.00,0,0
1409683391,s1-eth1,6010308.00,67716.00,6078024.00,67716,6010308,1026.00,1026.00,2052.00,1026,1026,0.00,0.00,0,0
1409683391,s1-eth2,67782.00,6010308.00,6078090.00,6010308,67782,1027.00,1026.00,2053.00,1026,1027,0.00,0.00,0,0
1409683391,s2-eth1,6010308.00,67782.00,6078090.00,67782,6010308,1026.00,1027.00,2053.00,1027,1026,0.00,0.00,0,0
1409683391,s2-eth2,67716.00,6010308.00,6078024.00,6010308,67716,1026.00,1026.00,2052.00,1026,1026,0.00,0.00,0,0
1409683391,eth0,0.00,0.00,0.00,0,0,0.00,0.00,0.00,0,0,0.00,0.00,0,0
1409683391,lo,0.00,0.00,0.00,0,0,0.00,0.00,0.00,0,0,0.00,0.00,0,0
1409683391,s1,0.00,0.00,0.00,0,0,0.00,0.00,0.00,0,0,0.00,0.00,0,0
1409683391,s2,0.00,0.00,0.00,0,0,0.00,0.00,0.00,0,0,0.00,0.00,0,0
1409683391,total,12156114.00,12156114.00,24312228.00,12156114,12156114,4105.00,4105.00,8210.00,4105,4105,0.00,0.00,0,0
1409683392,s1-eth1,6045456.00,68112.00,6113568.00,68112,6045456,1032.00,1032.00,2064.00,1032,1032,0.00,0.00,0,0
1409683392,s1-eth2,68046.00,6045456.00,6113502.00,6045456,68046,1031.00,1032.00,2063.00,1032,1031,0.00,0.00,0,0
1409683392,s2-eth1,6045456.00,68046.00,6113502.00,68046,6045456,1032.00,1031.00,2063.00,1031,1032,0.00,0.00,0,0
1409683392,s2-eth2,68112.00,6045456.00,6113568.00,6045456,68112,1032.00,1032.00,2064.00,1032,1032,0.00,0.00,0,0
1409683392,eth0,0.00,110.00,110.00,110,0,0.00,1.00,1.00,1,0,0.00,0.00,0,0
1409683392,lo,0.00,0.00,0.00,0,0,0.00,0.00,0.00,0,0,0.00,0.00,0,0
1409683392,s1,0.00,0.00,0.00,0,0,0.00,0.00,0.00,0,0,0.00,0.00,0,0
1409683392,s2,0.00,0.00,0.00,0,0,0.00,0.00,0.00,0,0,0.00,0.00,0,0
1409683392,total,12227070.00,12227180.00,24454250.00,12227180,12227070,4127.00,4128.00,8255.00,4128,4127,0.00,0.00,0,0
1409683393,s1-eth1,6033740.00,67980.00,6101720.00,67980,6033740,1030.00,1030.00,2060.00,1030,1030,0.00,0.00,0,0
1409683393,s1-eth2,67980.00,6033740.00,6101720.00,6033740,67980,1030.00,1030.00,2060.00,1030,1030,0.00,0.00,0,0
1409683393,s2-eth1,6033740.00,67980.00,6101720.00,67980,6033740,1030.00,1030.00,2060.00,1030,1030,0.00,0.00,0,0
1409683393,s2-eth2,67980.00,6033740.00,6101720.00,6033740,67980,1030.00,1030.00,2060.00,1030,1030,0.00,0.00,0,0
1409683393,eth0,0.00,60.00,60.00,60,0,0.00,1.00,1.00,1,0,0.00,0.00,0,0
1409683393,lo,344.00,344.00,688.00,344,344,6.00,6.00,12.00,6,6,0.00,0.00,0,0
1409683393,s1,0.00,0.00,0.00,0,0,0.00,0.00,0.00,0,0,0.00,0.00,0,0
1409683393,s2,0.00,0.00,0.00,0,0,0.00,0.00,0.00,0,0,0.00,0.00,0,0
1409683393,total,12203784.00,12203844.00,24407628.00,12203844,12203784,4126.00,4127.00,8253.00,4127,4126,0.00,0.00,0,0
1409683394,s1-eth1,6045456.00,68046.00,6113502.00,68046,6045456,1032.00,1031.00,2063.00,1031,1032,0.00,0.00,0,0
1409683394,s1-eth2,68112.00,6045456.00,6113568.00,6045456,68112,1032.00,1032.00,2064.00,1032,1032,0.00,0.00,0,0
1409683394,s2-eth1,6045456.00,68112.00,6113568.00,68112,6045456,1032.00,1032.00,2064.00,1032,1032,0.00,0.00,0,0
1409683394,s2-eth2,68046.00,6045456.00,6113502.00,6045456,68046,1031.00,1032.00,2063.00,1032,1031,0.00,0.00,0,0
1409683394,eth0,0.00,60.00,60.00,60,0,0.00,1.00,1.00,1,0,0.00,0.00,0,0
1409683394,lo,0.00,0.00,0.00,0,0,0.00,0.00,0.00,0,0,0.00,0.00,0,0
1409683394,s1,0.00,0.00,0.00,0,0,0.00,0.00,0.00,0,0,0.00,0.00,0,0
1409683394,s2,0.00,0.00,0.00,0,0,0.00,0.00,0.00,0,0,0.00,0.00,0,0
1409683394,total,12227070.00,12227130.00,24454200.00,12227130,12227070,4127.00,4128.00,8255.00,4128,4127,0.00,0.00,0,0
1409683395,s1-eth1,6033740.00,67980.00,6101720.00,67980,6033740,1030.00,1030.00,2060.00,1030,1030,0.00,0.00,0,0
1409683395,s1-eth2,67980.00,6033740.00,6101720.00,6033740,67980,1030.00,1030.00,2060.00,1030,1030,0.00,0.00,0,0
1409683395,s2-eth1,6033740.00,67980.00,6101720.00,67980,6033740,1030.00,1030.00,2060.00,1030,1030,0.00,0.00,0,0
1409683395,s2-eth2,68046.00,6033740.00,6101786.00,6033740,68046,1031.00,1030.00,2061.00,1030,1031,0.00,0.00,0,0
1409683395,eth0,0.00,0.00,0.00,0,0,0.00,0.00,0.00,0,0,0.00,0.00,0,0
1409683395,lo,0.00,0.00,0.00,0,0,0.00,0.00,0.00,0,0,0.00,0.00,0,0
1409683395,s1,0.00,0.00,0.00,0,0,0.00,0.00,0.00,0,0,0.00,0.00,0,0
1409683395,s2,0.00,0.00,0.00,0,0,0.00,0.00,0.00,0,0,0.00,0.00,0,0
1409683395,total,12203506.00,12203440.00,24406946.00,12203440,12203506,4121.00,4120.00,8241.00,4120,4121,0.00,0.00,0,0
1409683396,s1-eth1,6033740.00,68046.00,6101786.00,68046,6033740,1030.00,1031.00,2061.00,1031,1030,0.00,0.00,0,0
1409683396,s1-eth2,67980.00,6033740.00,6101720.00,6033740,67980,1030.00,1030.00,2060.00,1030,1030,0.00,0.00,0,0
1409683396,s2-eth1,6033740.00,67980.00,6101720.00,67980,6033740,1030.00,1030.00,2060.00,1030,1030,0.00,0.00,0,0
1409683396,s2-eth2,67980.00,6033740.00,6101720.00,6033740,67980,1030.00,1030.00,2060.00,1030,1030,0.00,0.00,0,0
1409683396,eth0,0.00,0.00,0.00,0,0,0.00,0.00,0.00,0,0,0.00,0.00,0,0
1409683396,lo,0.00,0.00,0.00,0,0,0.00,0.00,0.00,0,0,0.00,0.00,0,0
1409683396,s1,0.00,0.00,0.00,0,0,0.00,0.00,0.00,0,0,0.00,0.00,0,0
1409683396,s2,0.00,0.00,0.00,0,0,0.00,0.00,0.00,0,0,0.00,0.00,0,0
1409683396,total,12203440.00,12203506.00,24406946.00,12203506,12203440,4120.00,4121.00,8241.00,4121,4120,0.00,0.00,0,0
1409683397,s1-eth1,6045456.00,68046.00,6113502.00,68046,6045456,1032.00,1031.00,2063.00,1031,1032,0.00,0.00,0,0
1409683397,s1-eth2,68112.00,6045456.00,6113568.00,6045456,68112,1032.00,1032.00,2064.00,1032,1032,0.00,0.00,0,0
1409683397,s2-eth1,6045456.00,68112.00,6113568.00,68112,6045456,1032.00,1032.00,2064.00,1032,1032,0.00,0.00,0,0
1409683397,s2-eth2,68112.00,6045456.00,6113568.00,6045456,68112,1032.00,1032.00,2064.00,1032,1032,0.00,0.00,0,0
1409683397,eth0,0.00,0.00,0.00,0,0,0.00,0.00,0.00,0,0,0.00,0.00,0,0
1409683397,lo,0.00,0.00,0.00,0,0,0.00,0.00,0.00,0,0,0.00,0.00,0,0
1409683397,s1,0.00,0.00,0.00,0,0,0.00,0.00,0.00,0,0,0.00,0.00,0,0
1409683397,s2,0.00,0.00,0.00,0,0,0.00,0.00,0.00,0,0,0.00,0.00,0,0
1409683397,total,12227136.00,12227070.00,24454206.00,12227070,12227136,4128.00,4127.00,8255.00,4127,4128,0.00,0.00,0,0
1409683398,s1-eth1,6033740.00,68046.00,6101786.00,68046,6033740,1030.00,1031.00,2061.00,1031,1030,0.00,0.00,0,0
1409683398,s1-eth2,68046.00,6033740.00,6101786.00,6033740,68046,1031.00,1030.00,2061.00,1030,1031,0.00,0.00,0,0
1409683398,s2-eth1,6033740.00,68046.00,6101786.00,68046,6033740,1030.00,1031.00,2061.00,1031,1030,0.00,0.00,0,0
1409683398,s2-eth2,67980.00,6033740.00,6101720.00,6033740,67980,1030.00,1030.00,2060.00,1030,1030,0.00,0.00,0,0
1409683398,eth0,0.00,202.00,202.00,202,0,0.00,2.00,2.00,2,0,0.00,0.00,0,0
1409683398,lo,344.00,344.00,688.00,344,344,6.00,6.00,12.00,6,6,0.00,0.00,0,0
1409683398,s1,0.00,0.00,0.00,0,0,0.00,0.00,0.00,0,0,0.00,0.00,0,0
1409683398,s2,0.00,0.00,0.00,0,0,0.00,0.00,0.00,0,0,0.00,0.00,0,0
1409683398,total,12203850.00,12204118.00,24407968.00,12204118,12203850,4127.00,4130.00,8257.00,4130,4127,0.00,0.00,0,0
1409683399,s1-eth1,6022024.00,67848.00,6089872.00,67848,6022024,1028.00,1028.00,2056.00,1028,1028,0.00,0.00,0,0
1409683399,s1-eth2,67782.00,6022024.00,6089806.00,6022024,67782,1027.00,1028.00,2055.00,1028,1027,0.00,0.00,0,0
1409683399,s2-eth1,6022024.00,67782.00,6089806.00,67782,6022024,1028.00,1027.00,2055.00,1027,1028,0.00,0.00,0,0
1409683399,s2-eth2,67848.00,6022024.00,6089872.00,6022024,67848,1028.00,1028.00,2056.00,1028,1028,0.00,0.00,0,0
1409683399,eth0,0.00,320.00,320.00,320,0,0.00,2.00,2.00,2,0,0.00,0.00,0,0
1409683399,lo,0.00,0.00,0.00,0,0,0.00,0.00,0.00,0,0,0.00,0.00,0,0
1409683399,s1,0.00,0.00,0.00,0,0,0.00,0.00,0.00,0,0,0.00,0.00,0,0
1409683399,s2,0.00,0.00,0.00,0,0,0.00,0.00,0.00,0,0,0.00,0.00,0,0
1409683399,total,12179678.00,12179998.00,24359676.00,12179998,12179678,4111.00,4113.00,8224.00,4113,4111,0.00,0.00,0,0
1409683400,s1-eth1,6039598.00,67980.00,6107578.00,67980,6039598,1031.00,1030.00,2061.00,1030,1031,0.00,0.00,0,0
1409683400,s1-eth2,68046.00,6039598.00,6107644.00,6039598,68046,1031.00,1031.00,2062.00,1031,1031,0.00,0.00,0,0
1409683400,s2-eth1,6039598.00,68046.00,6107644.00,68046,6039598,1031.00,1031.00,2062.00,1031,1031,0.00,0.00,0,0
1409683400,s2-eth2,68046.00,6039598.00,6107644.00,6039598,68046,1031.00,1031.00,2062.00,1031,1031,0.00,0.00,0,0
1409683400,eth0,0.00,330.00,330.00,330,0,0.00,2.00,2.00,2,0,0.00,0.00,0,0
1409683400,lo,0.00,0.00,0.00,0,0,0.00,0.00,0.00,0,0,0.00,0.00,0,0
1409683400,s1,0.00,0.00,0.00,0,0,0.00,0.00,0.00,0,0,0.00,0.00,0,0
1409683400,s2,0.00,0.00,0.00,0,0,0.00,0.00,0.00,0,0,0.00,0.00,0,0
1409683400,total,12215288.00,12215552.00,24430840.00,12215552,12215288,4124.00,4125.00,8249.00,4125,4124,0.00,0.00,0,0
1409683401,s1-eth1,6004878.00,67584.00,6072462.00,67584,6004878,1207.00,1024.00,2231.00,1024,1207,0.00,0.00,0,0
1409683401,s1-eth2,67518.00,6004878.00,6072396.00,6004878,67518,1023.00,1207.00,2230.00,1207,1023,0.00,0.00,0,0
1409683401,s2-eth1,6004878.00,67518.00,6072396.00,67518,6004878,1207.00,1023.00,2230.00,1023,1207,0.00,0.00,0,0
1409683401,s2-eth2,67518.00,6004878.00,6072396.00,6004878,67518,1023.00,1207.00,2230.00,1207,1023,0.00,0.00,0,0
1409683401,eth0,0.00,0.00,0.00,0,0,0.00,0.00,0.00,0,0,0.00,0.00,0,0
1409683401,lo,0.00,0.00,0.00,0,0,0.00,0.00,0.00,0,0,0.00,0.00,0,0
1409683401,s1,0.00,0.00,0.00,0,0,0.00,0.00,0.00,0,0,0.00,0.00,0,0
1409683401,s2,0.00,0.00,0.00,0,0,0.00,0.00,0.00,0,0,0.00,0.00,0,0
1409683401,total,12144792.00,12144858.00,24289650.00,12144858,12144792,4460.00,4461.00,8921.00,4461,4460,0.00,0.00,0,0
1409683402,s1-eth1,443614.00,6534.00,450148.00,6534,443614,99.00,99.00,198.00,99,99,0.00,0.00,0,0
1409683402,s1-eth2,7260.00,373318.00,380578.00,373318,7260,110.00,87.00,197.00,87,110,0.00,0.00,0,0
1409683402,s2-eth1,373318.00,7260.00,380578.00,7260,373318,87.00,110.00,197.00,110,87,0.00,0.00,0,0
1409683402,s2-eth2,7920.00,297164.00,305084.00,297164,7920,120.00,74.00,194.00,74,120,0.00,0.00,0,0
1409683402,eth0,0.00,0.00,0.00,0,0,0.00,0.00,0.00,0,0,0.00,0.00,0,0
1409683402,lo,0.00,0.00,0.00,0,0,0.00,0.00,0.00,0,0,0.00,0.00,0,0
1409683402,s1,0.00,0.00,0.00,0,0,0.00,0.00,0.00,0,0,0.00,0.00,0,0
1409683402,s2,0.00,0.00,0.00,0,0,0.00,0.00,0.00,0,0,0.00,0.00,0,0
1409683402,total,832112.00,684276.00,1516388.00,684276,832112,416.00,370.00,786.00,370,416,0.00,0.00,0,0
1409683403,s1-eth1,0.00,0.00,0.00,0,0,0.00,0.00,0.00,0,0,0.00,0.00,0,0
1409683403,s1-eth2,0.00,0.00,0.00,0,0,0.00,0.00,0.00,0,0,0.00,0.00,0,0
1409683403,s2-eth1,0.00,0.00,0.00,0,0,0.00,0.00,0.00,0,0,0.00,0.00,0,0
1409683403,s2-eth2,0.00,0.00,0.00,0,0,0.00,0.00,0.00,0,0,0.00,0.00,0,0
1409683403,eth0,0.00,60.00,60.00,60,0,0.00,1.00,1.00,1,0,0.00,0.00,0,0
1409683403,lo,344.00,344.00,688.00,344,344,6.00,6.00,12.00,6,6,0.00,0.00,0,0
1409683403,s1,0.00,0.00,0.00,0,0,0.00,0.00,0.00,0,0,0.00,0.00,0,0
1409683403,s2,0.00,0.00,0.00,0,0,0.00,0.00,0.00,0,0,0.00,0.00,0,0
1409683403,total,344.00,404.00,748.00,404,344,6.00,7.00,13.00,7,6,0.00,0.00,0,0
1409683404,s1-eth1,0.00,0.00,0.00,0,0,0.00,0.00,0.00,0,0,0.00,0.00,0,0
1409683404,s1-eth2,0.00,0.00,0.00,0,0,0.00,0.00,0.00,0,0,0.00,0.00,0,0
1409683404,s2-eth1,0.00,0.00,0.00,0,0,0.00,0.00,0.00,0,0,0.00,0.00,0,0
1409683404,s2-eth2,0.00,0.00,0.00,0,0,0.00,0.00,0.00,0,0,0.00,0.00,0,0
1409683404,eth0,0.00,0.00,0.00,0,0,0.00,0.00,0.00,0,0,0.00,0.00,0,0
1409683404,lo,0.00,0.00,0.00,0,0,0.00,0.00,0.00,0,0,0.00,0.00,0,0
1409683404,s1,0.00,0.00,0.00,0,0,0.00,0.00,0.00,0,0,0.00,0.00,0,0
1409683404,s2,0.00,0.00,0.00,0,0,0.00,0.00,0.00,0,0,0.00,0.00,0,0
1409683404,total,0.00,0.00,0.00,0,0,0.00,0.00,0.00,0,0,0.00,0.00,0,0
1409683405,s1-eth1,0.00,0.00,0.00,0,0,0.00,0.00,0.00,0,0,0.00,0.00,0,0
1409683405,s1-eth2,0.00,0.00,0.00,0,0,0.00,0.00,0.00,0,0,0.00,0.00,0,0
1409683405,s2-eth1,0.00,0.00,0.00,0,0,0.00,0.00,0.00,0,0,0.00,0.00,0,0
1409683405,s2-eth2,0.00,0.00,0.00,0,0,0.00,0.00,0.00,0,0,0.00,0.00,0,0
1409683405,eth0,0.00,0.00,0.00,0,0,0.00,0.00,0.00,0,0,0.00,0.00,0,0
1409683405,lo,0.00,0.00,0.00,0,0,0.00,0.00,0.00,0,0,0.00,0.00,0,0
1409683405,s1,0.00,0.00,0.00,0,0,0.00,0.00,0.00,0,0,0.00,0.00,0,0
1409683405,s2,0.00,0.00,0.00,0,0,0.00,0.00,0.00,0,0,0.00,0.00,0,0
1409683405,total,0.00,0.00,0.00,0,0,0.00,0.00,0.00,0,0,0.00,0.00,0,0
1409683406,s1-eth1,0.00,0.00,0.00,0,0,0.00,0.00,0.00,0,0,0.00,0.00,0,0
1409683406,s1-eth2,0.00,0.00,0.00,0,0,0.00,0.00,0.00,0,0,0.00,0.00,0,0
1409683406,s2-eth1,0.00,0.00,0.00,0,0,0.00,0.00,0.00,0,0,0.00,0.00,0,0
1409683406,s2-eth2,0.00,0.00,0.00,0,0,0.00,0.00,0.00,0,0,0.00,0.00,0,0
1409683406,eth0,0.00,0.00,0.00,0,0,0.00,0.00,0.00,0,0,0.00,0.00,0,0
1409683406,lo,0.00,0.00,0.00,0,0,0.00,0.00,0.00,0,0,0.00,0.00,0,0
1409683406,s1,0.00,0.00,0.00,0,0,0.00,0.00,0.00,0,0,0.00,0.00,0,0
1409683406,s2,0.00,0.00,0.00,0,0,0.00,0.00,0.00,0,0,0.00,0.00,0,0
1409683406,total,0.00,0.00,0.00,0,0,0.00,0.00,0.00,0,0,0.00,0.00,0,0
1409683407,s1-eth1,0.00,0.00,0.00,0,0,0.00,0.00,0.00,0,0,0.00,0.00,0,0
1409683407,s1-eth2,0.00,0.00,0.00,0,0,0.00,0.00,0.00,0,0,0.00,0.00,0,0
1409683407,s2-eth1,0.00,0.00,0.00,0,0,0.00,0.00,0.00,0,0,0.00,0.00,0,0
1409683407,s2-eth2,0.00,0.00,0.00,0,0,0.00,0.00,0.00,0,0,0.00,0.00,0,0
1409683407,eth0,0.00,110.00,110.00,110,0,0.00,1.00,1.00,1,0,0.00,0.00,0,0
1409683407,lo,0.00,0.00,0.00,0,0,0.00,0.00,0.00,0,0,0.00,0.00,0,0
1409683407,s1,0.00,0.00,0.00,0,0,0.00,0.00,0.00,0,0,0.00,0.00,0,0
1409683407,s2,0.00,0.00,0.00,0,0,0.00,0.00,0.00,0,0,0.00,0.00,0,0
1409683407,total,0.00,110.00,110.00,110,0,0.00,1.00,1.00,1,0,0.00,0.00,0,0
1409683408,s1-eth1,0.00,0.00,0.00,0,0,0.00,0.00,0.00,0,0,0.00,0.00,0,0
1409683408,s1-eth2,0.00,0.00,0.00,0,0,0.00,0.00,0.00,0,0,0.00,0.00,0,0
1409683408,s2-eth1,0.00,0.00,0.00,0,0,0.00,0.00,0.00,0,0,0.00,0.00,0,0
1409683408,s2-eth2,0.00,0.00,0.00,0,0,0.00,0.00,0.00,0,0,0.00,0.00,0,0
1409683408,eth0,0.00,0.00,0.00,0,0,0.00,0.00,0.00,0,0,0.00,0.00,0,0
1409683408,lo,344.00,344.00,688.00,344,344,6.00,6.00,12.00,6,6,0.00,0.00,0,0
1409683408,s1,0.00,0.00,0.00,0,0,0.00,0.00,0.00,0,0,0.00,0.00,0,0
1409683408,s2,0.00,0.00,0.00,0,0,0.00,0.00,0.00,0,0,0.00,0.00,0,0
1409683408,total,344.00,344.00,688.00,344,344,6.00,6.00,12.00,6,6,0.00,0.00,0,0
1409683409,s1-eth1,0.00,0.00,0.00,0,0,0.00,0.00,0.00,0,0,0.00,0.00,0,0
1409683409,s1-eth2,0.00,0.00,0.00,0,0,0.00,0.00,0.00,0,0,0.00,0.00,0,0
1409683409,s2-eth1,0.00,0.00,0.00,0,0,0.00,0.00,0.00,0,0,0.00,0.00,0,0
1409683409,s2-eth2,0.00,0.00,0.00,0,0,0.00,0.00,0.00,0,0,0.00,0.00,0,0
1409683409,eth0,0.00,0.00,0.00,0,0,0.00,0.00,0.00,0,0,0.00,0.00,0,0
1409683409,lo,0.00,0.00,0.00,0,0,0.00,0.00,0.00,0,0,0.00,0.00,0,0
1409683409,s1,0.00,0.00,0.00,0,0,0.00,0.00,0.00,0,0,0.00,0.00,0,0
1409683409,s2,0.00,0.00,0.00,0,0,0.00,0.00,0.00,0,0,0.00,0.00,0,0
1409683409,total,0.00,0.00,0.00,0,0,0.00,0.00,0.00,0,0,0.00,0.00,0,0
1409683410,s1-eth1,0.00,0.00,0.00,0,0,0.00,0.00,0.00,0,0,0.00,0.00,0,0
1409683410,s1-eth2,0.00,0.00,0.00,0,0,0.00,0.00,0.00,0,0,0.00,0.00,0,0
1409683410,s2-eth1,0.00,0.00,0.00,0,0,0.00,0.00,0.00,0,0,0.00,0.00,0,0
1409683410,s2-eth2,0.00,0.00,0.00,0,0,0.00,0.00,0.00,0,0,0.00,0.00,0,0
1409683410,eth0,0.00,0.00,0.00,0,0,0.00,0.00,0.00,0,0,0.00,0.00,0,0
1409683410,lo,0.00,0.00,0.00,0,0,0.00,0.00,0.00,0,0,0.00,0.00,0,0
1409683410,s1,0.00,0.00,0.00,0,0,0.00,0.00,0.00,0,0,0.00,0.00,0,0
1409683410,s2,0.00,0.00,0.00,0,0,0.00,0.00,0.00,0,0,0.00,0.00,0,0
1409683410,total,0.00,0.00,0.00,0,0,0.00,0.00,0.00,0,0,0.00,0.00,0,0
1409683411,eth0,1216.00,470.00,1686.00,470,1216,11.00,7.00,18.00,7,11,0.00,0.00,0,0
1409683411,lo,596.00,596.00,1192.00,596,596,9.00,9.00,18.00,9,9,0.00,0.00,0,0
1409683411,total,18446744073709551616.00,18446744073709551616.00,18446744073709551616.00,18446744072969081079,18446744072969080325,18446744073709291520.00,18446744073709291520.00,18446744073709029376.00,18446744073709290800,18446744073709290786,0.00,0.00,0,0
1409683412,eth0,106.00,60.00,166.00,60,106,1.00,1.00,2.00,1,1,0.00,0.00,0,0
1409683412,lo,0.00,0.00,0.00,0,0,0.00,0.00,0.00,0,0,0.00,0.00,0,0
1409683412,total,106.00,60.00,166.00,60,106,1.00,1.00,2.